# R <= 36.94 cm
#NOTE: Signal is scale to 1 event overall 
#cs1 data CNNS Radio AC Wall ER Signal 
4.00000 4.0000000000 0.0288102995 0.0264897187 0.0790111300 0.0140000006 4.1963949886 0.0343348222
5.00000 8.0000000000 0.0235919481 0.0344033500 0.0630148069 0.0220000008 5.3466544190 0.0479087458
6.00000 7.0000000000 0.0144483548 0.0372390823 0.0482878339 0.0190000008 6.2038331195 0.0530692056
7.00000 8.0000000000 0.0072116970 0.0376723599 0.0368470550 0.0195000007 6.7661280261 0.0533969013
8.00000 15.0000000000 0.0034304830 0.0368989043 0.0285653370 0.0225000008 7.1616957171 0.0519966443
9.00000 12.0000000000 0.0015676700 0.0348759101 0.0236323833 0.0270000010 7.5473781338 0.0499608354
10.00000 8.0000000000 0.0007760099 0.0318635697 0.0194708899 0.0265000009 7.7389322513 0.0474636858
11.00000 11.0000000000 0.0004539343 0.0288037925 0.0165594420 0.0265000011 7.8166867024 0.0447126519
12.00000 15.0000000000 0.0001229530 0.0262874746 0.0142290856 0.0265000011 7.8702749232 0.0419684635
13.00000 6.0000000000 0.0002119276 0.0243017591 0.0124784894 0.0270000008 7.7299110207 0.0392981004
14.00000 5.0000000000 0.0001836870 0.0225449722 0.0110207687 0.0280000010 7.8249076724 0.0366925797
15.00000 3.0000000000 0.0001710999 0.0208249047 0.0098319608 0.0290000013 7.5714397986 0.0340957277
16.00000 9.0000000000 0.0001248307 0.0191853110 0.0088415092 0.0300000011 7.5129342212 0.0315606832
17.00000 4.0000000000 0.0000848792 0.0176760794 0.0078976517 0.0230000010 7.3941027227 0.0291747007
18.00000 7.0000000000 0.0001404320 0.0163592179 0.0071947508 0.0350000014 7.2218226860 0.0270036980
19.00000 9.0000000000 0.0000543606 0.0151915714 0.0065624061 0.0330000012 7.1604619812 0.0250303730
20.00000 10.0000000000 0.0000780196 0.0141520016 0.0061477211 0.0250000011 7.0859057496 0.0232548522
21.00000 5.0000000000 0.0000312731 0.0132288497 0.0056817829 0.0245000010 7.0050602834 0.0216328439
22.00000 3.0000000000 0.0000312832 0.0124193378 0.0053429794 0.0155000007 6.9936496650 0.0201646270
23.00000 9.0000000000 0.0000391304 0.0117065730 0.0050501040 0.0315000011 6.8872938592 0.0188131006
24.00000 8.0000000000 0.0000156675 0.0110517956 0.0048071505 0.0265000011 6.8582329254 0.0175558795
25.00000 6.0000000000 0.0000547424 0.0104558151 0.0044856531 0.0230000007 6.7885987150 0.0163966471
26.00000 6.0000000000 0.0000547759 0.0098866511 0.0043332248 0.0300000011 6.7260554499 0.0153065082
27.00000 10.0000000000 0.0000390395 0.0093680578 0.0040836151 0.0245000009 6.7557737591 0.0143073282
28.00000 6.0000000000 0.0000468866 0.0088707000 0.0038067147 0.0245000009 6.7271149070 0.0133701368
29.00000 6.0000000000 0.0000312471 0.0084057083 0.0036522895 0.0285000011 6.7038269933 0.0125078857
30.00000 7.0000000000 0.0000156041 0.0079786203 0.0034432829 0.0335000012 6.7266826536 0.0117080303
31.00000 5.0000000000 0.0000468636 0.0075828138 0.0034332986 0.0305000015 6.6687298899 0.0109714536
32.00000 6.0000000000 0.0000312137 0.0072161654 0.0031331013 0.0255000008 6.6580923250 0.0102862019
33.00000 5.0000000000 0.0000390148 0.0068850835 0.0031018169 0.0220000008 6.5850957506 0.0096480701
34.00000 9.0000000000 0.0000467864 0.0065778778 0.0029194353 0.0280000012 6.6517054272 0.0090533866
35.00000 11.0000000000 0.0000233893 0.0062815640 0.0027803195 0.0240000009 6.5782535769 0.0085056813
36.00000 11.0000000000 0.0000545556 0.0060189672 0.0027277351 0.0230000010 6.6547489196 0.0079876916
37.00000 3.0000000000 0.0000389611 0.0057625594 0.0026059255 0.0195000008 6.5446953335 0.0074962324
38.00000 5.0000000000 0.0000467156 0.0055337683 0.0025287129 0.0205000007 6.6178598346 0.0070445725
39.00000 12.0000000000 0.0000623049 0.0053077984 0.0024495034 0.0225000009 6.5633392341 0.0066218623
40.00000 8.0000000000 0.0000155655 0.0051027959 0.0024049065 0.0240000009 6.6315953976 0.0062233419
41.00000 4.0000000000 0.0000388980 0.0049028735 0.0022930813 0.0205000009 6.6078747984 0.0058545964
42.00000 1.0000000000 0.0000233262 0.0047236071 0.0022464875 0.0220000009 6.4932345600 0.0055064203
43.00000 5.0000000000 0.0000155606 0.0045553173 0.0021905749 0.0265000010 6.5916519651 0.0051774001
44.00000 7.0000000000 0.0000233162 0.0043932824 0.0021632843 0.0175000007 6.6560689300 0.0048707643
45.00000 6.0000000000 0.0000155379 0.0042428704 0.0021845843 0.0190000007 6.6238072487 0.0045893971
46.00000 11.0000000000 0.0000077688 0.0040980794 0.0020601123 0.0235000010 6.5729707572 0.0043165621
47.00000 2.0000000000 0.0000077634 0.0039629052 0.0020507935 0.0250000009 6.5658483427 0.0040656971
48.00000 7.0000000000 0.0000000000 0.0038284796 0.0019456246 0.0240000010 6.6393721386 0.0038295827
49.00000 5.0000000000 0.0000000000 0.0036989503 0.0019596027 0.0250000007 6.6842127428 0.0036054526
50.00000 6.0000000000 0.0000077568 0.0035785486 0.0019422965 0.0185000007 6.7139649373 0.0033921970
51.00000 8.0000000000 0.0000000000 0.0034538350 0.0018996964 0.0175000005 6.7062488245 0.0031959564
52.00000 1.0000000000 0.0000000000 0.0033396703 0.0017479337 0.0160000006 6.6192696424 0.0030090757
53.00000 4.0000000000 0.0000000000 0.0032259554 0.0018870495 0.0195000008 6.6301931768 0.0028302176
54.00000 7.0000000000 0.0000000000 0.0031195641 0.0018451151 0.0160000007 6.6283957069 0.0026672018
55.00000 6.0000000000 0.0000000000 0.0030130431 0.0018118338 0.0175000008 6.6463542142 0.0025094166
56.00000 5.0000000000 0.0000000000 0.0029150904 0.0016920211 0.0190000007 6.5592510291 0.0023657539
57.00000 12.0000000000 0.0000077366 0.0028162817 0.0017306274 0.0220000008 6.6084492665 0.0022251978
58.00000 7.0000000000 0.0000000000 0.0027233918 0.0016241273 0.0220000007 6.5566544596 0.0020967837
59.00000 6.0000000000 0.0000000000 0.0026337167 0.0016680586 0.0225000007 6.5769316181 0.0019715927
60.00000 5.0000000000 0.0000000000 0.0025463891 0.0016880274 0.0200000008 6.5696703855 0.0018563067
61.00000 8.0000000000 0.0000077269 0.0024644227 0.0015915116 0.0225000007 6.6763923140 0.0017495801
62.00000 4.0000000000 0.0000000000 0.0023842708 0.0016547461 0.0155000005 6.5297873483 0.0016448338
63.00000 1.0000000000 0.0000000000 0.0023088084 0.0016134773 0.0150000006 6.5993360172 0.0015506076
64.00000 5.0000000000 0.0000000000 0.0022302848 0.0016733836 0.0155000008 6.4880352815 0.0014586901
65.00000 4.0000000000 0.0000000000 0.0021598754 0.0016720523 0.0210000009 6.5643931533 0.0013729941
66.00000 2.0000000000 0.0000000000 0.0020891346 0.0015988335 0.0170000007 6.4885635959 0.0012944688
67.00000 6.0000000000 0.0000000000 0.0020263906 0.0016054897 0.0215000008 6.4581369536 0.0012204276
68.00000 7.0000000000 0.0000000000 0.0019617052 0.0016094835 0.0245000009 6.4938857555 0.0011477494
69.00000 7.0000000000 0.0000000000 0.0018988649 0.0015815272 0.0200000008 6.4811172194 0.0010828298
70.00000 11.0000000000 0.0000000000 0.0018425538 0.0015495772 0.0205000006 6.4940583827 0.0010180940

