# R <= 36.94 cm
#NOTE: Signal is scale to 1 event overall 
#log10(cS2_bottom) data CNNS Radio AC Wall ER Signal 
1.71760 0.0000000000 0.0000000000 0.0000000106 0.0000073219 0.0000000000 0.0000000000 0.0000000072
1.73520 0.0000000000 0.0000000000 0.0000000166 0.0000559126 0.0000000000 0.0000000000 0.0000000123
1.75280 0.0000000000 0.0000059963 0.0000000429 0.0001317939 0.0000000000 0.0000000000 0.0000000220
1.77040 1.0000000000 0.0000000000 0.0000000780 0.0003621005 0.0000000000 0.0000000000 0.0000000477
1.78800 0.0000000000 0.0000091549 0.0000001604 0.0007215385 0.0000000000 0.0000000000 0.0000000954
1.80560 0.0000000000 0.0000222742 0.0000002505 0.0011222453 0.0000000000 0.0000000000 0.0000001633
1.82320 0.0000000000 0.0000265888 0.0000004852 0.0017359524 0.0000000000 0.0000000000 0.0000003271
1.84080 0.0000000000 0.0000128520 0.0000007637 0.0024082346 0.0000000000 0.0000000000 0.0000005314
1.85840 0.0000000000 0.0000674821 0.0000013011 0.0031936733 0.0000000000 0.0000000000 0.0000009315
1.87600 0.0000000000 0.0001279708 0.0000020582 0.0039751181 0.0015000001 0.0000000000 0.0000015676
1.89360 0.0000000000 0.0001216472 0.0000032021 0.0047093036 0.0010000000 0.0000000000 0.0000024817
1.91120 0.0000000000 0.0001539102 0.0000048308 0.0055506547 0.0075000003 0.0000000000 0.0000039255
1.92880 0.0000000000 0.0003192205 0.0000070888 0.0063860153 0.0075000004 0.0000000000 0.0000060351
1.94640 0.0000000000 0.0004243687 0.0000100093 0.0070929099 0.0110000005 0.0000000000 0.0000091387
1.96400 0.0000000000 0.0004498154 0.0000139647 0.0078696955 0.0140000007 0.0000000000 0.0000134645
1.98160 0.0000000000 0.0006686987 0.0000188579 0.0086711088 0.0165000006 0.0000000000 0.0000194767
1.99920 0.0000000000 0.0008937640 0.0000250252 0.0094718570 0.0280000012 0.0000000000 0.0000276427
2.01680 0.0000000000 0.0010153993 0.0000326068 0.0099857202 0.0325000015 0.0000000000 0.0000385399
2.03440 0.0000000000 0.0012180732 0.0000420671 0.0107325527 0.0375000014 0.0000000000 0.0000535219
2.05200 0.0000000000 0.0016024391 0.0000531636 0.0112777002 0.0480000018 0.0000000000 0.0000724622
2.06960 0.0000000000 0.0016978485 0.0000673054 0.0118707731 0.0540000022 0.0000000000 0.0000974921
2.08720 0.0000000000 0.0020852716 0.0000847225 0.0122575017 0.0665000019 0.0000000000 0.0001288802
2.10480 0.0000000000 0.0023640692 0.0001058273 0.0126921554 0.0640000022 0.0000000000 0.0001695853
2.12240 0.0000000000 0.0023743959 0.0001325304 0.0131141621 0.0615000023 0.0000000000 0.0002207598
2.14000 0.0000000000 0.0026420360 0.0001650607 0.0131441153 0.0685000025 0.0000000174 0.0002837514
2.15760 0.0000000000 0.0029331823 0.0002071116 0.0132992064 0.0600000022 0.0000000000 0.0003622775
2.17520 0.0000000000 0.0030906205 0.0002608413 0.0134196843 0.0750000032 0.0000000000 0.0004580571
2.19280 0.0000000000 0.0033251063 0.0003322296 0.0134216812 0.0535000020 0.0003405137 0.0005766436
2.21040 0.0000000000 0.0034588003 0.0004251365 0.0136340159 0.0605000021 0.0000000000 0.0007198853
2.22800 0.0000000000 0.0038064796 0.0005492668 0.0133524564 0.0635000021 0.0000000000 0.0008917327
2.24560 0.0000000000 0.0038507572 0.0007108757 0.0127979899 0.0555000019 0.0000003549 0.0010972502
2.26320 0.0000000000 0.0039286168 0.0009210296 0.0125057802 0.0535000018 0.0037156996 0.0013448738
2.28080 0.0000000000 0.0037691512 0.0011823243 0.0121223795 0.0530000017 0.0000000225 0.0016315933
2.29840 0.0000000000 0.0038831863 0.0015019348 0.0116105133 0.0415000014 0.0075728044 0.0019644288
2.31600 0.0000000000 0.0035505153 0.0018853713 0.0113382722 0.0380000015 0.0024208886 0.0023411041
2.33360 0.0000000000 0.0034068614 0.0023306100 0.0109701811 0.0415000015 0.0005275803 0.0027675732
2.35120 0.0000000000 0.0031192467 0.0028345555 0.0104416740 0.0470000018 0.0050553141 0.0032491820
2.36880 0.0000000000 0.0029706366 0.0033873177 0.0097946856 0.0380000015 0.0053156589 0.0037832784
2.38640 0.0000000000 0.0026432463 0.0039817402 0.0095910041 0.0410000018 0.0006100691 0.0043708435
2.40400 0.0000000000 0.0025199936 0.0046098516 0.0093154349 0.0430000015 0.0042441024 0.0050227666
2.42160 0.0000000000 0.0019971897 0.0052636812 0.0087343435 0.0345000013 0.0019324625 0.0057341191
2.43920 0.0000000000 0.0015617078 0.0059421594 0.0083489461 0.0375000013 0.0023322457 0.0065151600
2.45680 0.0000000000 0.0016074877 0.0066312908 0.0078084579 0.0260000012 0.0080526982 0.0073745217
2.47440 0.0000000000 0.0012519996 0.0073434475 0.0074649949 0.0240000011 0.0045223482 0.0083090989
2.49200 0.0000000000 0.0010490358 0.0080681331 0.0070709444 0.0170000007 0.0090176022 0.0093357848
2.50960 0.0000000000 0.0007925648 0.0088080848 0.0066722345 0.0140000006 0.0067363475 0.0104437863
2.52720 0.0000000000 0.0006320015 0.0095475350 0.0064239559 0.0160000008 0.0073379288 0.0116434682
2.54480 0.0000000000 0.0005504048 0.0102896433 0.0060645180 0.0125000006 0.0087953085 0.0129445195
2.56240 0.0000000000 0.0004255186 0.0110193400 0.0057989331 0.0100000005 0.0119250833 0.0143327040
2.58000 0.0000000000 0.0002942570 0.0117766715 0.0057057456 0.0050000002 0.0148626173 0.0158125250
2.59760 0.0000000000 0.0002468900 0.0125567126 0.0052983824 0.0090000004 0.0206464893 0.0173655670
2.61520 0.0000000000 0.0002308221 0.0134297622 0.0049875351 0.0045000002 0.0268007367 0.0189720653
2.63280 0.0000000000 0.0002130494 0.0143410624 0.0047905100 0.0065000003 0.0240461452 0.0205608571
2.65040 0.0000000000 0.0001554501 0.0152569915 0.0045928189 0.0070000003 0.0370451943 0.0220900905
2.66800 0.0000000000 0.0001133844 0.0161096712 0.0042919560 0.0050000002 0.0394640289 0.0235325261
2.68560 0.0000000000 0.0001110516 0.0168621541 0.0041987684 0.0030000001 0.0689049942 0.0248654795
2.70320 0.0000000000 0.0001228739 0.0175269979 0.0040543276 0.0025000001 0.0821701141 0.0261238566
2.72080 0.0000000000 0.0001129730 0.0180919437 0.0039990806 0.0035000002 0.1080092633 0.0272841348
2.73840 0.0000000000 0.0001566586 0.0185431232 0.0039817744 0.0025000001 0.1402498533 0.0283101653
2.75600 0.0000000000 0.0001321796 0.0188469537 0.0038779367 0.0040000002 0.1776515657 0.0291941163
2.77360 0.0000000000 0.0001387001 0.0189936728 0.0038699492 0.0020000001 0.2405081825 0.0299098478
2.79120 0.0000000000 0.0001093871 0.0190227327 0.0038393304 0.0015000001 0.3340639575 0.0304646199
2.80880 0.0000000000 0.0000628578 0.0189824320 0.0037641147 0.0020000001 0.4839972382 0.0308667595
2.82640 1.0000000000 0.0001134857 0.0188654234 0.0035138392 0.0010000000 0.6058961896 0.0311121679
2.84400 1.0000000000 0.0001425766 0.0187053591 0.0034492736 0.0010000000 0.8379810084 0.0312110601
2.86160 2.0000000000 0.0001283301 0.0185037166 0.0033228046 0.0010000000 1.1299285274 0.0311622044
2.87920 1.0000000000 0.0002027614 0.0182703212 0.0031830232 0.0005000000 1.4262163340 0.0309439833
2.89680 1.0000000000 0.0001369041 0.0180562409 0.0030033042 0.0005000000 1.8279913543 0.0306012070
2.91440 0.0000000000 0.0001002158 0.0178906267 0.0028821603 0.0015000001 2.3170322155 0.0301637070
2.93200 1.0000000000 0.0000388426 0.0177853586 0.0027264038 0.0000000000 2.7353783071 0.0296549149
2.94960 2.0000000000 0.0000599804 0.0176723963 0.0026531850 0.0000000000 3.2934306693 0.0290424477
2.96720 3.0000000000 0.0000542750 0.0174931741 0.0025420254 0.0005000000 3.8512854123 0.0283205967
2.98480 8.0000000000 0.0000611023 0.0172280694 0.0024142252 0.0005000000 4.3516959246 0.0274323138
3.00240 4.0000000000 0.0000543614 0.0168444905 0.0022291812 0.0000000000 4.8481583952 0.0263932366
3.02000 9.0000000000 0.0000621124 0.0163509370 0.0021399874 0.0010000000 5.4718400423 0.0252202285
3.03760 9.0000000000 0.0000389945 0.0157802673 0.0018377932 0.0000000000 6.1551265542 0.0239132097
3.05520 11.0000000000 0.0001088649 0.0151855857 0.0017406118 0.0000000000 6.8347421097 0.0225111450
3.07280 12.0000000000 0.0000701567 0.0146781548 0.0016028272 0.0000000000 7.5445196194 0.0210299041
3.09040 8.0000000000 0.0000311862 0.0142690074 0.0016054897 0.0000000000 8.3562203502 0.0194678928
3.10800 11.0000000000 0.0001558165 0.0139324603 0.0015535709 0.0000000000 9.3043164858 0.0177862911
3.12560 15.0000000000 0.0000389508 0.0135269794 0.0014963271 0.0000000000 10.2466166400 0.0159774847
3.14320 12.0000000000 0.0000390030 0.0128839203 0.0014284332 0.0000000000 11.2133385153 0.0140490185
3.16080 18.0000000000 0.0000779506 0.0119496374 0.0013206018 0.0005000000 12.2146150416 0.0120706750
3.17840 13.0000000000 0.0000078140 0.0107401826 0.0012567018 0.0000000000 13.3338499090 0.0100910007
3.19600 24.0000000000 0.0000233872 0.0093317804 0.0012180955 0.0000000000 14.3013352049 0.0081656347
3.21360 14.0000000000 0.0000078040 0.0077947317 0.0011328953 0.0000000000 15.3066530954 0.0063686085
3.23120 12.0000000000 0.0000000000 0.0062526851 0.0010610077 0.0000000000 16.2748479778 0.0047558998
3.24880 15.0000000000 0.0000000000 0.0047908990 0.0010137483 0.0000000000 17.1817822000 0.0033849829
3.26640 17.0000000000 0.0000000000 0.0035004463 0.0009678201 0.0000000000 18.1161052594 0.0022744771
3.28400 14.0000000000 0.0000000000 0.0024184858 0.0008866137 0.0000000000 18.9850727178 0.0014380186
3.30160 22.0000000000 0.0000000000 0.0015827792 0.0008646481 0.0000000000 19.4868476768 0.0008481300
3.31920 27.0000000000 0.0000000000 0.0009760851 0.0008153918 0.0000000000 20.1199775793 0.0004671824
3.33680 12.0000000000 0.0000000000 0.0005680803 0.0008107324 0.0000000000 20.4168536099 0.0002369558
3.35440 18.0000000000 0.0000000000 0.0003076926 0.0007687979 0.0000000000 20.3099620283 0.0001108314
3.37200 17.0000000000 0.0000000000 0.0001538771 0.0007062291 0.0000000000 19.9623029015 0.0000478583
3.38960 16.0000000000 0.0000000000 0.0000695981 0.0006696197 0.0000000000 19.2665249379 0.0000187997
3.40720 20.0000000000 0.0000000000 0.0000284690 0.0006742791 0.0000000000 18.3671517787 0.0000067191
3.42480 18.0000000000 0.0000000000 0.0000106780 0.0005897446 0.0000000000 17.1335317797 0.0000021715
3.44240 16.0000000000 0.0000000000 0.0000037031 0.0005318351 0.0000000000 15.4966775107 0.0000006766
3.46000 11.0000000000 0.0000000000 0.0000011252 0.0004772538 0.0000000000 13.6861581007 0.0000001868
3.47760 13.0000000000 0.0000000000 0.0000002909 0.0004206756 0.0000000000 11.7277806992 0.0000000420
3.49520 11.0000000000 0.0000000000 0.0000000815 0.0003674255 0.0000000000 9.7202674077 0.0000000074
3.51280 3.0000000000 0.0000000000 0.0000000177 0.0003101817 0.0000000000 7.8880486713 0.0000000020
3.53040 5.0000000000 0.0000000000 0.0000000039 0.0002622566 0.0000000000 6.0825907325 0.0000000007
3.54800 1.0000000000 0.0000000000 0.0000000020 0.0002249816 0.0000000000 4.4053077761 0.0000000000
3.56560 3.0000000000 0.0000000000 0.0000000000 0.0002329691 0.0000000000 3.1073676269 0.0000000000
3.58320 0.0000000000 0.0000000000 0.0000000000 0.0002130003 0.0000000000 2.0414897830 0.0000000000
3.60080 0.0000000000 0.0000000000 0.0000000000 0.0001877065 0.0000000000 1.3005853443 0.0000000000
3.61840 0.0000000000 0.0000000000 0.0000000000 0.0001850440 0.0000000000 0.7384588572 0.0000000000
3.63600 0.0000000000 0.0000000000 0.0000000000 0.0001890378 0.0000000000 0.4089549665 0.0000000000
3.65360 0.0000000000 0.0000000000 0.0000000000 0.0001630784 0.0000000000 0.2143208401 0.0000000000
3.67120 0.0000000000 0.0000000000 0.0000000000 0.0001777221 0.0000000000 0.0988706051 0.0000000000
3.68880 0.0000000000 0.0000000000 0.0000000000 0.0001690690 0.0000000000 0.0399400772 0.0000000000
3.70640 0.0000000000 0.0000000000 0.0000000000 0.0001517627 0.0000000000 0.0175224480 0.0000000000
3.72400 0.0000000000 0.0000000000 0.0000000000 0.0001484346 0.0000000000 0.0053277492 0.0000000000
3.74160 0.0000000000 0.0000000000 0.0000000000 0.0001244720 0.0000000000 0.0017584953 0.0000000000
3.75920 0.0000000000 0.0000000000 0.0000000000 0.0001171502 0.0000000000 0.0004155587 0.0000000000
3.77680 0.0000000000 0.0000000000 0.0000000000 0.0000965158 0.0000000000 0.0001157641 0.0000000000
3.79440 0.0000000000 0.0000000000 0.0000000000 0.0000805407 0.0000000000 0.0000329201 0.0000000000
3.81200 0.0000000000 0.0000000000 0.0000000000 0.0000911908 0.0000000000 0.0000035570 0.0000000000
3.82960 0.0000000000 0.0000000000 0.0000000000 0.0000958501 0.0000000000 0.0000004829 0.0000000000
3.84720 0.0000000000 0.0000000000 0.0000000000 0.0000758814 0.0000000000 0.0000000335 0.0000000000
3.86480 0.0000000000 0.0000000000 0.0000000000 0.0000692251 0.0000000000 0.0000000064 0.0000000000
3.88240 0.0000000000 0.0000000000 0.0000000000 0.0000545813 0.0000000000 0.0000000012 0.0000000000
3.90000 0.0000000000 0.0000000000 0.0000000000 0.0000519188 0.0000000000 0.0000000000 0.0000000000
