#DataThief C:\Users\Admin\Desktop\LUX_full_exp_attempt.limit.png lördag 11-mar-2017 4:19:24 em
5.1699 9.0128e-43
5.1699 8.6439e-43
5.1699 8.2901e-43
5.1699 7.9508e-43
5.1699 7.6254e-43
5.1699 7.3133e-43
5.1699 7.014e-43
5.1699 6.7269e-43
5.3283 6.452e-43
5.3283 6.1879e-43
5.3283 5.9347e-43
5.3283 5.6918e-43
5.3283 5.4588e-43
5.3283 5.2354e-43
5.3283 5.0211e-43
5.3283 4.8156e-43
5.3283 4.6185e-43
5.3283 4.4295e-43
5.3283 4.2482e-43
5.3283 4.0743e-43
5.3283 3.9076e-43
5.4916 3.7479e-43
5.4916 3.5945e-43
5.4916 3.4474e-43
5.4916 3.3063e-43
5.4916 3.171e-43
5.4916 3.0412e-43
5.4916 2.9167e-43
5.4916 2.7973e-43
5.4916 2.6828e-43
5.4916 2.573e-43
5.4916 2.4677e-43
5.6599 2.3669e-43
5.6599 2.27e-43
5.6599 2.1771e-43
5.6599 2.088e-43
5.6599 2.0025e-43
5.6599 1.9206e-43
5.6599 1.842e-43
5.6599 1.7666e-43
5.6599 1.6943e-43
5.6599 1.6249e-43
5.8333 1.5585e-43
5.8333 1.4947e-43
5.8333 1.4336e-43
5.8333 1.3749e-43
5.8333 1.3186e-43
5.8333 1.2647e-43
5.8333 1.2129e-43
5.8333 1.1633e-43
5.8333 1.1156e-43
6.0121 1.07e-43
6.0121 1.0263e-43
6.0121 9.8425e-44
6.0121 9.4397e-44
6.0121 9.0533e-44
6.0121 8.6828e-44
6.0121 8.3274e-44
6.0121 7.9866e-44
6.0121 7.6597e-44
6.1963 7.3467e-44
6.1963 7.046e-44
6.1963 6.7576e-44
6.1963 6.481e-44
6.1963 6.2158e-44
6.1963 5.9614e-44
6.1963 5.7174e-44
6.1963 5.4834e-44
6.3862 5.2593e-44
6.3862 5.044e-44
6.3862 4.8376e-44
6.3862 4.6396e-44
6.3862 4.4497e-44
6.3862 4.2676e-44
6.3862 4.0929e-44
6.3862 3.9254e-44
6.5819 3.765e-44
6.5819 3.6109e-44
6.5819 3.4631e-44
6.5819 3.3214e-44
6.5819 3.1854e-44
6.5819 3.0551e-44
6.5819 2.93e-44
6.5819 2.8101e-44
6.7835 2.6953e-44
6.7835 2.5849e-44
6.7835 2.4791e-44
6.7835 2.3777e-44
6.7835 2.2804e-44
6.7835 2.187e-44
6.7835 2.0975e-44
6.9915 2.0118e-44
6.9915 1.9295e-44
6.9915 1.8505e-44
6.9915 1.7748e-44
6.9915 1.7021e-44
6.9915 1.6325e-44
7.2057 1.5657e-44
7.2057 1.5017e-44
7.2057 1.4402e-44
7.2057 1.3813e-44
7.2057 1.3247e-44
7.2057 1.2705e-44
7.4264 1.2186e-44
7.4264 1.1687e-44
7.4264 1.1209e-44
7.4264 1.075e-44
7.4264 1.031e-44
7.4264 9.888e-45
7.4264 9.4833e-45
7.6541 9.0958e-45
7.6541 8.7235e-45
7.6541 8.3665e-45
7.6541 8.024e-45
7.6541 7.6956e-45
7.8887 7.3811e-45
7.8887 7.079e-45
7.8887 6.7893e-45
7.8887 6.5114e-45
7.8887 6.2449e-45
8.1304 5.9897e-45
8.1304 5.7446e-45
8.1304 5.5094e-45
8.1304 5.2839e-45
8.3796 5.068e-45
8.3796 4.8606e-45
8.3796 4.6616e-45
8.3796 4.4709e-45
8.6362 4.2881e-45
8.6362 4.1126e-45
8.6362 3.9443e-45
8.6362 3.7829e-45
8.901 3.6283e-45
8.901 3.4798e-45
8.901 3.3374e-45
8.901 3.2008e-45
9.1737 3.07e-45
9.1737 2.9443e-45
9.1737 2.8238e-45
9.1737 2.7082e-45
9.4549 2.5976e-45
9.4549 2.4912e-45
9.4549 2.3893e-45
9.4549 2.2915e-45
9.7446 2.1978e-45
9.7446 2.1079e-45
9.7446 2.0216e-45
10.0432 1.939e-45
10.0432 1.8596e-45
10.0432 1.7835e-45
10.0432 1.7105e-45
10.351 1.6406e-45
10.351 1.5735e-45
10.351 1.5091e-45
10.6682 1.4474e-45
10.6682 1.3882e-45
10.6682 1.3313e-45
10.6682 1.2769e-45
10.995 1.2247e-45
10.995 1.1746e-45
10.995 1.1265e-45
11.332 1.0804e-45
11.332 1.0362e-45
11.332 9.9381e-46
11.332 9.5314e-46
11.6793 9.1418e-46
12.0372 8.7682e-46
12.0372 8.4093e-46
12.0372 8.0652e-46
12.406 7.7356e-46
12.406 7.419e-46
12.7862 7.1158e-46
12.7862 6.8245e-46
13.178 6.5456e-46
13.178 6.2777e-46
13.178 6.0208e-46
13.5817 5.7747e-46
13.5817 5.5384e-46
13.998 5.312e-46
13.998 5.0946e-46
14.427 4.8864e-46
14.427 4.6864e-46
14.8691 4.4949e-46
14.8691 4.3109e-46
15.3247 4.1347e-46
15.3247 3.9655e-46
15.7944 3.8035e-46
15.7944 3.6478e-46
16.2784 3.4987e-46
16.2784 3.3555e-46
16.7772 3.2184e-46
16.7772 3.0867e-46
17.2913 2.9605e-46
17.8212 2.8395e-46
17.8212 2.7233e-46
18.3673 2.612e-46
18.9301 2.5053e-46
19.5102 2.4029e-46
20.1081 2.3047e-46
20.1081 2.2103e-46
20.7243 2.12e-46
21.3594 2.0334e-46
22.0139 1.9503e-46
22.6885 1.8706e-46
23.3837 1.7941e-46
24.1003 1.7208e-46
24.8388 1.6505e-46
25.6 1.583e-46
26.3845 1.5183e-46
27.193 1.4563e-46
28.0263 1.4564e-46
28.8851 1.3968e-46
29.7703 1.3398e-46
30.6825 1.285e-46
31.6228 1.2325e-46
32.5918 1.2326e-46
33.5906 1.1822e-46
34.6199 1.1339e-46
35.6808 1.1339e-46
36.7742 1.0876e-46
37.9011 1.0877e-46
39.0625 1.0432e-46
40.2596 1.0433e-46
41.4933 1.0434e-46
42.7648 1.0434e-46
44.0753 1.0435e-46
45.4259 1.0435e-46
46.8178 1.0436e-46
48.2526 1.0437e-46
49.7311 1.0883e-46
51.2551 1.0883e-46
52.8258 1.0884e-46
54.4445 1.1349e-46
56.113 1.135e-46
57.8325 1.1351e-46
59.6048 1.1836e-46
61.4313 1.1837e-46
63.3138 1.1837e-46
65.2539 1.2343e-46
67.2536 1.2344e-46
69.3145 1.2872e-46
71.4386 1.2872e-46
73.6277 1.2873e-46
75.8839 1.3423e-46
78.2093 1.3424e-46
80.6059 1.3998e-46
83.076 1.3999e-46
85.6218 1.4597e-46
88.2456 1.4598e-46
90.9498 1.5222e-46
93.7368 1.5223e-46
96.6093 1.5874e-46
99.5697 1.5875e-46
102.6209 1.6553e-46
105.7656 1.6554e-46
109.0067 1.7262e-46
112.3471 1.7263e-46
115.7898 1.8e-46
119.3381 1.8002e-46
122.995 1.8771e-46
126.7641 1.9573e-46
130.6486 1.9574e-46
134.6522 2.0411e-46
138.7785 2.0412e-46
143.0312 2.1285e-46
147.4142 2.2194e-46
151.9316 2.2196e-46
156.5873 2.3144e-46
161.3858 2.3146e-46
166.3312 2.4135e-46
171.4283 2.5167e-46
176.6815 2.5168e-46
182.0957 2.6244e-46
187.6758 2.7366e-46
193.4269 2.7367e-46
199.3543 2.8537e-46
205.4632 2.9757e-46
211.7593 2.9759e-46
218.2485 3.103e-46
224.9365 3.2357e-46
231.8294 3.374e-46
238.9336 3.3742e-46
246.2554 3.5184e-46
253.8016 3.6687e-46
261.5791 3.669e-46
269.5949 3.8258e-46
277.8563 3.9893e-46
286.3709 4.1598e-46
295.1464 4.1601e-46
304.1908 4.3379e-46
304.1908 4.523e-46
313.5124 4.5233e-46
313.5124 4.7163e-46
323.1196 4.7166e-46
333.0213 4.7169e-46
343.2263 4.9185e-46
353.7441 5.1287e-46
364.5842 5.129e-46
375.7564 5.3482e-46
387.271 5.5768e-46
399.1385 5.8151e-46
411.3696 5.8155e-46
423.9756 6.0641e-46
436.9678 6.3232e-46
450.3582 6.5935e-46
464.1589 6.5939e-46
478.3825 6.8757e-46
493.042 7.1696e-46
508.1507 7.476e-46
523.7224 7.4765e-46
539.7713 7.796e-46
556.3119 8.1292e-46
573.3595 8.4767e-46
590.9294 8.4772e-46
609.0378 8.8395e-46
627.701 9.2173e-46
646.9362 9.6112e-46
666.7608 9.6118e-46
687.1929 1.0023e-45
708.2511 1.0451e-45
729.9546 1.0898e-45
752.3233 1.0898e-45
775.3774 1.1364e-45
799.1379 1.185e-45
823.6266 1.2356e-45
848.8657 1.2357e-45
874.8782 1.2885e-45
901.6878 1.3436e-45
929.319 1.401e-45
957.7969 1.4011e-45
987.1475 1.461e-45
1017.3975 1.5234e-45
1048.5745 1.5885e-45
1080.7067 1.5886e-45
1113.8237 1.6565e-45
1147.9557 1.7273e-45
1183.1335 1.8012e-45
1219.3892 1.8781e-45
1256.756 1.9584e-45
1295.2678 2.0421e-45
1334.9598 2.0422e-45
1375.8681 2.0424e-45
1418.03 2.1297e-45
1461.4839 2.2207e-45
1506.2694 2.2208e-45
1552.4273 2.3157e-45
1599.9996 2.4147e-45
1649.0298 2.5179e-45
1699.5624 2.5181e-45
1751.6435 2.6257e-45
1805.3206 2.7379e-45
1860.6425 2.8549e-45
1917.6598 2.8551e-45
1976.4243 2.9771e-45
2036.9895 3.1044e-45
2099.4107 3.1046e-45
2163.7447 3.2373e-45
2230.0502 3.3756e-45
2298.3875 3.5199e-45
2368.8189 3.5201e-45
2441.4086 3.6706e-45
2516.2227 3.8274e-45
2593.3295 3.991e-45
2672.7991 3.9913e-45
2754.7039 4.1618e-45
2839.1187 4.3397e-45
2926.1202 4.34e-45
3015.7877 4.5255e-45
3108.2031 4.7189e-45
3203.4504 4.9206e-45
3301.6164 5.1309e-45
3402.7906 5.3502e-45
3507.0652 5.5788e-45
3614.5352 5.5792e-45
3725.2984 5.5795e-45
3839.4559 5.818e-45
3957.1116 6.0667e-45
4078.3727 6.067e-45
4203.3497 6.3263e-45
4332.1565 6.5967e-45
4464.9104 6.8787e-45
4601.7325 6.8791e-45
4742.7473 7.1731e-45
4888.0833 7.4797e-45
5037.8729 7.4802e-45
5192.2527 7.7998e-45
5351.3633 8.1332e-45
5515.3497 8.4808e-45
5684.3612 8.4813e-45
5858.5518 8.8438e-45
5858.5518 9.2212e-45
6038.0804 9.2218e-45
6038.0804 9.6154e-45
6223.1104 9.616e-45
6413.8105 9.6166e-45
6610.3543 1.0028e-44
6812.921 1.0456e-44
7021.6951 1.0457e-44
7236.8668 1.0904e-44
7458.6322 1.137e-44
7687.1934 1.1856e-44
7922.7586 1.1856e-44
8165.5423 1.2363e-44
8415.766 1.2892e-44
8673.6574 1.2892e-44
8939.4516 1.3443e-44
9213.3908 1.4018e-44
9495.7245 1.4617e-44
9786.71 1.4618e-44
10086.6124 1.5243e-44
10086.6124 1.5893e-44
10395.705 1.5894e-44
10395.705 1.6572e-44
10714.2694 1.6573e-44
11042.5958 1.6575e-44
11380.9834 1.7283e-44
11729.7405 1.8022e-44
12089.1848 1.8023e-44
12459.6439 1.8793e-44
12841.4553 1.9596e-44
13234.9668 2.0434e-44
13640.5372 2.0435e-44
14058.5356 2.1308e-44
14489.3433 2.2219e-44
14933.3525 2.3169e-44
15390.9678 2.317e-44
15862.6061 2.416e-44
16348.6975 2.5193e-44
16849.6844 2.5195e-44
17366.0236 2.6271e-44
17898.1853 2.7394e-44
18446.6545 2.8565e-44
19011.9308 2.8567e-44
19594.5295 2.9788e-44
20194.9813 3.1061e-44
20813.8332 3.2388e-44
21451.6491 3.239e-44
22109.0101 3.3775e-44
22786.5152 3.5218e-44
23484.7816 3.5221e-44
24204.4456 3.6726e-44
24946.1629 3.8296e-44
25710.6093 3.9932e-44
26498.4812 3.9935e-44
27310.4966 4.1642e-44
28147.3952 4.3421e-44
29009.9396 4.5277e-44
29898.9157 4.528e-44
30815.1334 4.7215e-44
31759.4276 4.9233e-44
32732.6585 4.9236e-44
33735.713 5.134e-44
34769.5051 5.3535e-44
35834.9764 5.5823e-44
36933.0979 5.5826e-44
38064.87 5.8212e-44
39231.324 6.07e-44
40433.5226 6.3295e-44
41672.5612 6.3299e-44
42949.5687 6.6004e-44
44265.7086 6.8825e-44
45622.1802 7.1766e-44
47020.2192 7.1771e-44
48461.0995 7.4838e-44
49946.1339 7.8037e-44
51476.6755 7.8042e-44
53054.1188 8.1377e-44
54679.901 8.4855e-44
56355.5034 8.8482e-44
58082.4527 8.8487e-44
59862.3224 9.2269e-44
61696.7341 9.6213e-44
63587.3593 1.0033e-43
65535.9205 1.0033e-43
67544.1931 1.0462e-43
69614.0068 1.0909e-43
71747.2477 1.091e-43
73945.8592 1.1376e-43
76211.8447 1.1862e-43
78547.2686 1.2369e-43
80954.259 1.237e-43
83435.0087 1.2899e-43
85991.7782 1.345e-43
88626.897 1.3451e-43
91342.7659 1.4026e-43
94141.8594 1.4625e-43
97026.728 1.525e-43
